{
 "cells": [
  {
   "cell_type": "markdown",
   "metadata": {},
   "source": [
    "OBJETIVO DA ANÁLISE"
   ]
  },
  {
   "cell_type": "markdown",
   "metadata": {},
   "source": [
    "Utilizar a análise fatorial para identificar os principais fatores que influenciam a atratividade e o valor das propriedades,\n",
    "facilitando decisões de investimento, desenvolvimento e marketing."
   ]
  },
  {
   "cell_type": "markdown",
   "metadata": {},
   "source": [
    "#### IMPORTAÇÃO DE BIBLIOTECAS"
   ]
  },
  {
   "cell_type": "markdown",
   "metadata": {},
   "source": [
    "#### BASE DE DADOS\n",
    "\n",
    "Fonte: adaptado de https://www.kaggle.com/datasets/elakiricoder/jiffs-house-price-prediction-dataset"
   ]
  },
  {
   "cell_type": "markdown",
   "metadata": {},
   "source": [
    "- land_size_sqm: Tamanho do terreno (m²).\n",
    "\n",
    "- house_size_sqm: Tamanho da casa (m²).\n",
    "\n",
    "- no_of_rooms: Número de quartos.\n",
    "\n",
    "- no_of_bathrooms: Número de banheiros.\n",
    "\n",
    "- distance_to_school: Distância até a escola (km).\n",
    "\n",
    "- house_age: Idade da casa (anos).\n",
    "\n",
    "- distance_to_supermarket_km: Distância até o supermercado (km).\n",
    "\n",
    "- crime_rate_index: Índice de criminalidade.\n",
    "\n",
    "- property_value: Valor da propriedade (unidade monetária)."
   ]
  },
  {
   "cell_type": "code",
   "execution_count": 23,
   "metadata": {},
   "outputs": [],
   "source": [
    "import pandas as pd\n",
    "import numpy as np\n",
    "from factor_analyzer import FactorAnalyzer\n",
    "from factor_analyzer.factor_analyzer import calculate_bartlett_sphericity\n",
    "import pingouin as pg\n",
    "import matplotlib.pyplot as plt\n",
    "import seaborn as sns\n",
    "import plotly.io as pio\n",
    "import plotly.graph_objects as go"
   ]
  },
  {
   "cell_type": "markdown",
   "metadata": {},
   "source": [
    "#### IMPORTANDO O BANCO DE DADOS"
   ]
  },
  {
   "cell_type": "code",
   "execution_count": 2,
   "metadata": {},
   "outputs": [
    {
     "name": "stdout",
     "output_type": "stream",
     "text": [
      "<class 'pandas.core.frame.DataFrame'>\n",
      "RangeIndex: 4954 entries, 0 to 4953\n",
      "Data columns (total 9 columns):\n",
      " #   Column                      Non-Null Count  Dtype  \n",
      "---  ------                      --------------  -----  \n",
      " 0   land_size_sqm               4954 non-null   int64  \n",
      " 1   house_size_sqm              4954 non-null   int64  \n",
      " 2   no_of_rooms                 4954 non-null   int64  \n",
      " 3   no_of_bathrooms             4954 non-null   int64  \n",
      " 4   distance_to_school          4954 non-null   float64\n",
      " 5   house_age                   4954 non-null   int64  \n",
      " 6   distance_to_supermarket_km  4954 non-null   float64\n",
      " 7   crime_rate_index            4954 non-null   float64\n",
      " 8   property_value              4954 non-null   int64  \n",
      "dtypes: float64(3), int64(6)\n",
      "memory usage: 348.5 KB\n",
      "None\n"
     ]
    }
   ],
   "source": [
    "casas = pd.read_excel(\"preco_casas.xlsx\")\n",
    "\n",
    "\n",
    "print(casas.info())"
   ]
  },
  {
   "cell_type": "markdown",
   "metadata": {},
   "source": [
    "#### ESTATÍSTICA DESCRITIVAS DAS VARIÁVEIS"
   ]
  },
  {
   "cell_type": "code",
   "execution_count": 3,
   "metadata": {},
   "outputs": [
    {
     "data": {
      "text/html": [
       "<div>\n",
       "<style scoped>\n",
       "    .dataframe tbody tr th:only-of-type {\n",
       "        vertical-align: middle;\n",
       "    }\n",
       "\n",
       "    .dataframe tbody tr th {\n",
       "        vertical-align: top;\n",
       "    }\n",
       "\n",
       "    .dataframe thead th {\n",
       "        text-align: right;\n",
       "    }\n",
       "</style>\n",
       "<table border=\"1\" class=\"dataframe\">\n",
       "  <thead>\n",
       "    <tr style=\"text-align: right;\">\n",
       "      <th></th>\n",
       "      <th>land_size_sqm</th>\n",
       "      <th>house_size_sqm</th>\n",
       "      <th>no_of_rooms</th>\n",
       "      <th>no_of_bathrooms</th>\n",
       "      <th>distance_to_school</th>\n",
       "      <th>house_age</th>\n",
       "      <th>distance_to_supermarket_km</th>\n",
       "      <th>crime_rate_index</th>\n",
       "      <th>property_value</th>\n",
       "    </tr>\n",
       "  </thead>\n",
       "  <tbody>\n",
       "    <tr>\n",
       "      <th>count</th>\n",
       "      <td>4954.000000</td>\n",
       "      <td>4954.000000</td>\n",
       "      <td>4954.000000</td>\n",
       "      <td>4954.000000</td>\n",
       "      <td>4954.000000</td>\n",
       "      <td>4954.000000</td>\n",
       "      <td>4954.000000</td>\n",
       "      <td>4954.000000</td>\n",
       "      <td>4954.000000</td>\n",
       "    </tr>\n",
       "    <tr>\n",
       "      <th>mean</th>\n",
       "      <td>250.131409</td>\n",
       "      <td>231.250908</td>\n",
       "      <td>3.788252</td>\n",
       "      <td>3.199839</td>\n",
       "      <td>3.454219</td>\n",
       "      <td>11.444691</td>\n",
       "      <td>3.508639</td>\n",
       "      <td>2.986110</td>\n",
       "      <td>201974.738999</td>\n",
       "    </tr>\n",
       "    <tr>\n",
       "      <th>std</th>\n",
       "      <td>103.131939</td>\n",
       "      <td>94.571642</td>\n",
       "      <td>1.585371</td>\n",
       "      <td>1.602300</td>\n",
       "      <td>2.007358</td>\n",
       "      <td>6.356991</td>\n",
       "      <td>1.991266</td>\n",
       "      <td>1.737742</td>\n",
       "      <td>90031.882219</td>\n",
       "    </tr>\n",
       "    <tr>\n",
       "      <th>min</th>\n",
       "      <td>100.000000</td>\n",
       "      <td>85.000000</td>\n",
       "      <td>1.000000</td>\n",
       "      <td>1.000000</td>\n",
       "      <td>0.100000</td>\n",
       "      <td>1.000000</td>\n",
       "      <td>0.100000</td>\n",
       "      <td>0.010000</td>\n",
       "      <td>32622.000000</td>\n",
       "    </tr>\n",
       "    <tr>\n",
       "      <th>25%</th>\n",
       "      <td>180.000000</td>\n",
       "      <td>165.000000</td>\n",
       "      <td>3.000000</td>\n",
       "      <td>2.000000</td>\n",
       "      <td>1.700000</td>\n",
       "      <td>6.000000</td>\n",
       "      <td>1.800000</td>\n",
       "      <td>1.470000</td>\n",
       "      <td>136777.000000</td>\n",
       "    </tr>\n",
       "    <tr>\n",
       "      <th>50%</th>\n",
       "      <td>235.000000</td>\n",
       "      <td>217.500000</td>\n",
       "      <td>4.000000</td>\n",
       "      <td>3.000000</td>\n",
       "      <td>3.400000</td>\n",
       "      <td>11.000000</td>\n",
       "      <td>3.500000</td>\n",
       "      <td>3.020000</td>\n",
       "      <td>194515.500000</td>\n",
       "    </tr>\n",
       "    <tr>\n",
       "      <th>75%</th>\n",
       "      <td>295.000000</td>\n",
       "      <td>274.000000</td>\n",
       "      <td>5.000000</td>\n",
       "      <td>4.000000</td>\n",
       "      <td>5.200000</td>\n",
       "      <td>17.000000</td>\n",
       "      <td>5.300000</td>\n",
       "      <td>4.490000</td>\n",
       "      <td>246590.000000</td>\n",
       "    </tr>\n",
       "    <tr>\n",
       "      <th>max</th>\n",
       "      <td>796.000000</td>\n",
       "      <td>760.000000</td>\n",
       "      <td>8.000000</td>\n",
       "      <td>9.000000</td>\n",
       "      <td>6.900000</td>\n",
       "      <td>22.000000</td>\n",
       "      <td>6.900000</td>\n",
       "      <td>5.990000</td>\n",
       "      <td>692086.000000</td>\n",
       "    </tr>\n",
       "  </tbody>\n",
       "</table>\n",
       "</div>"
      ],
      "text/plain": [
       "       land_size_sqm  house_size_sqm  no_of_rooms  no_of_bathrooms  \\\n",
       "count    4954.000000     4954.000000  4954.000000      4954.000000   \n",
       "mean      250.131409      231.250908     3.788252         3.199839   \n",
       "std       103.131939       94.571642     1.585371         1.602300   \n",
       "min       100.000000       85.000000     1.000000         1.000000   \n",
       "25%       180.000000      165.000000     3.000000         2.000000   \n",
       "50%       235.000000      217.500000     4.000000         3.000000   \n",
       "75%       295.000000      274.000000     5.000000         4.000000   \n",
       "max       796.000000      760.000000     8.000000         9.000000   \n",
       "\n",
       "       distance_to_school    house_age  distance_to_supermarket_km  \\\n",
       "count         4954.000000  4954.000000                 4954.000000   \n",
       "mean             3.454219    11.444691                    3.508639   \n",
       "std              2.007358     6.356991                    1.991266   \n",
       "min              0.100000     1.000000                    0.100000   \n",
       "25%              1.700000     6.000000                    1.800000   \n",
       "50%              3.400000    11.000000                    3.500000   \n",
       "75%              5.200000    17.000000                    5.300000   \n",
       "max              6.900000    22.000000                    6.900000   \n",
       "\n",
       "       crime_rate_index  property_value  \n",
       "count       4954.000000     4954.000000  \n",
       "mean           2.986110   201974.738999  \n",
       "std            1.737742    90031.882219  \n",
       "min            0.010000    32622.000000  \n",
       "25%            1.470000   136777.000000  \n",
       "50%            3.020000   194515.500000  \n",
       "75%            4.490000   246590.000000  \n",
       "max            5.990000   692086.000000  "
      ]
     },
     "metadata": {},
     "output_type": "display_data"
    },
    {
     "data": {
      "text/html": [
       "<div>\n",
       "<style scoped>\n",
       "    .dataframe tbody tr th:only-of-type {\n",
       "        vertical-align: middle;\n",
       "    }\n",
       "\n",
       "    .dataframe tbody tr th {\n",
       "        vertical-align: top;\n",
       "    }\n",
       "\n",
       "    .dataframe thead th {\n",
       "        text-align: right;\n",
       "    }\n",
       "</style>\n",
       "<table border=\"1\" class=\"dataframe\">\n",
       "  <thead>\n",
       "    <tr style=\"text-align: right;\">\n",
       "      <th></th>\n",
       "      <th>land_size_sqm</th>\n",
       "      <th>house_size_sqm</th>\n",
       "      <th>no_of_rooms</th>\n",
       "      <th>no_of_bathrooms</th>\n",
       "      <th>distance_to_school</th>\n",
       "      <th>house_age</th>\n",
       "      <th>distance_to_supermarket_km</th>\n",
       "      <th>crime_rate_index</th>\n",
       "      <th>property_value</th>\n",
       "    </tr>\n",
       "  </thead>\n",
       "  <tbody>\n",
       "    <tr>\n",
       "      <th>land_size_sqm</th>\n",
       "      <td>1.000000</td>\n",
       "      <td>0.991371</td>\n",
       "      <td>0.898252</td>\n",
       "      <td>0.679780</td>\n",
       "      <td>-0.011094</td>\n",
       "      <td>0.006547</td>\n",
       "      <td>0.004692</td>\n",
       "      <td>0.007752</td>\n",
       "      <td>0.973662</td>\n",
       "    </tr>\n",
       "    <tr>\n",
       "      <th>house_size_sqm</th>\n",
       "      <td>0.991371</td>\n",
       "      <td>1.000000</td>\n",
       "      <td>0.894753</td>\n",
       "      <td>0.677722</td>\n",
       "      <td>-0.010658</td>\n",
       "      <td>0.008198</td>\n",
       "      <td>0.001966</td>\n",
       "      <td>0.008044</td>\n",
       "      <td>0.964163</td>\n",
       "    </tr>\n",
       "    <tr>\n",
       "      <th>no_of_rooms</th>\n",
       "      <td>0.898252</td>\n",
       "      <td>0.894753</td>\n",
       "      <td>1.000000</td>\n",
       "      <td>0.710043</td>\n",
       "      <td>-0.006162</td>\n",
       "      <td>0.003455</td>\n",
       "      <td>-0.007287</td>\n",
       "      <td>0.014644</td>\n",
       "      <td>0.912155</td>\n",
       "    </tr>\n",
       "    <tr>\n",
       "      <th>no_of_bathrooms</th>\n",
       "      <td>0.679780</td>\n",
       "      <td>0.677722</td>\n",
       "      <td>0.710043</td>\n",
       "      <td>1.000000</td>\n",
       "      <td>-0.008322</td>\n",
       "      <td>0.000966</td>\n",
       "      <td>-0.002535</td>\n",
       "      <td>0.010655</td>\n",
       "      <td>0.686525</td>\n",
       "    </tr>\n",
       "    <tr>\n",
       "      <th>distance_to_school</th>\n",
       "      <td>-0.011094</td>\n",
       "      <td>-0.010658</td>\n",
       "      <td>-0.006162</td>\n",
       "      <td>-0.008322</td>\n",
       "      <td>1.000000</td>\n",
       "      <td>0.011519</td>\n",
       "      <td>0.010095</td>\n",
       "      <td>-0.002084</td>\n",
       "      <td>-0.072357</td>\n",
       "    </tr>\n",
       "    <tr>\n",
       "      <th>house_age</th>\n",
       "      <td>0.006547</td>\n",
       "      <td>0.008198</td>\n",
       "      <td>0.003455</td>\n",
       "      <td>0.000966</td>\n",
       "      <td>0.011519</td>\n",
       "      <td>1.000000</td>\n",
       "      <td>-0.002793</td>\n",
       "      <td>-0.000667</td>\n",
       "      <td>-0.037958</td>\n",
       "    </tr>\n",
       "    <tr>\n",
       "      <th>distance_to_supermarket_km</th>\n",
       "      <td>0.004692</td>\n",
       "      <td>0.001966</td>\n",
       "      <td>-0.007287</td>\n",
       "      <td>-0.002535</td>\n",
       "      <td>0.010095</td>\n",
       "      <td>-0.002793</td>\n",
       "      <td>1.000000</td>\n",
       "      <td>0.018026</td>\n",
       "      <td>-0.028634</td>\n",
       "    </tr>\n",
       "    <tr>\n",
       "      <th>crime_rate_index</th>\n",
       "      <td>0.007752</td>\n",
       "      <td>0.008044</td>\n",
       "      <td>0.014644</td>\n",
       "      <td>0.010655</td>\n",
       "      <td>-0.002084</td>\n",
       "      <td>-0.000667</td>\n",
       "      <td>0.018026</td>\n",
       "      <td>1.000000</td>\n",
       "      <td>-0.072801</td>\n",
       "    </tr>\n",
       "    <tr>\n",
       "      <th>property_value</th>\n",
       "      <td>0.973662</td>\n",
       "      <td>0.964163</td>\n",
       "      <td>0.912155</td>\n",
       "      <td>0.686525</td>\n",
       "      <td>-0.072357</td>\n",
       "      <td>-0.037958</td>\n",
       "      <td>-0.028634</td>\n",
       "      <td>-0.072801</td>\n",
       "      <td>1.000000</td>\n",
       "    </tr>\n",
       "  </tbody>\n",
       "</table>\n",
       "</div>"
      ],
      "text/plain": [
       "                            land_size_sqm  house_size_sqm  no_of_rooms  \\\n",
       "land_size_sqm                    1.000000        0.991371     0.898252   \n",
       "house_size_sqm                   0.991371        1.000000     0.894753   \n",
       "no_of_rooms                      0.898252        0.894753     1.000000   \n",
       "no_of_bathrooms                  0.679780        0.677722     0.710043   \n",
       "distance_to_school              -0.011094       -0.010658    -0.006162   \n",
       "house_age                        0.006547        0.008198     0.003455   \n",
       "distance_to_supermarket_km       0.004692        0.001966    -0.007287   \n",
       "crime_rate_index                 0.007752        0.008044     0.014644   \n",
       "property_value                   0.973662        0.964163     0.912155   \n",
       "\n",
       "                            no_of_bathrooms  distance_to_school  house_age  \\\n",
       "land_size_sqm                      0.679780           -0.011094   0.006547   \n",
       "house_size_sqm                     0.677722           -0.010658   0.008198   \n",
       "no_of_rooms                        0.710043           -0.006162   0.003455   \n",
       "no_of_bathrooms                    1.000000           -0.008322   0.000966   \n",
       "distance_to_school                -0.008322            1.000000   0.011519   \n",
       "house_age                          0.000966            0.011519   1.000000   \n",
       "distance_to_supermarket_km        -0.002535            0.010095  -0.002793   \n",
       "crime_rate_index                   0.010655           -0.002084  -0.000667   \n",
       "property_value                     0.686525           -0.072357  -0.037958   \n",
       "\n",
       "                            distance_to_supermarket_km  crime_rate_index  \\\n",
       "land_size_sqm                                 0.004692          0.007752   \n",
       "house_size_sqm                                0.001966          0.008044   \n",
       "no_of_rooms                                  -0.007287          0.014644   \n",
       "no_of_bathrooms                              -0.002535          0.010655   \n",
       "distance_to_school                            0.010095         -0.002084   \n",
       "house_age                                    -0.002793         -0.000667   \n",
       "distance_to_supermarket_km                    1.000000          0.018026   \n",
       "crime_rate_index                              0.018026          1.000000   \n",
       "property_value                               -0.028634         -0.072801   \n",
       "\n",
       "                            property_value  \n",
       "land_size_sqm                     0.973662  \n",
       "house_size_sqm                    0.964163  \n",
       "no_of_rooms                       0.912155  \n",
       "no_of_bathrooms                   0.686525  \n",
       "distance_to_school               -0.072357  \n",
       "house_age                        -0.037958  \n",
       "distance_to_supermarket_km       -0.028634  \n",
       "crime_rate_index                 -0.072801  \n",
       "property_value                    1.000000  "
      ]
     },
     "metadata": {},
     "output_type": "display_data"
    }
   ],
   "source": [
    "tab_desc = casas.describe()\n",
    "\n",
    "display(tab_desc)\n",
    "\n",
    "#Analisando as correlações de Pearson\n",
    "\n",
    "# Matriz de correlações\n",
    "\n",
    "corr = casas.corr()\n",
    "\n",
    "display(corr)"
   ]
  },
  {
   "cell_type": "markdown",
   "metadata": {},
   "source": [
    "#### GRÁFICO DE CORRELAÇÃO"
   ]
  },
  {
   "cell_type": "code",
   "execution_count": 4,
   "metadata": {},
   "outputs": [
    {
     "data": {
      "application/vnd.plotly.v1+json": {
       "config": {
        "plotlyServerURL": "https://plot.ly"
       },
       "data": [
        {
         "colorscale": [
          [
           0,
           "#440154"
          ],
          [
           0.1111111111111111,
           "#482878"
          ],
          [
           0.2222222222222222,
           "#3e4989"
          ],
          [
           0.3333333333333333,
           "#31688e"
          ],
          [
           0.4444444444444444,
           "#26828e"
          ],
          [
           0.5555555555555556,
           "#1f9e89"
          ],
          [
           0.6666666666666666,
           "#35b779"
          ],
          [
           0.7777777777777778,
           "#6ece58"
          ],
          [
           0.8888888888888888,
           "#b5de2b"
          ],
          [
           1,
           "#fde725"
          ]
         ],
         "text": [
          [
           1,
           0.9913710834190269,
           0.8982517994578145,
           0.6797800878428356,
           -0.011093603680910915,
           0.006546965532989949,
           0.004691553125875587,
           0.007752246997137356,
           0.9736617620463331
          ],
          [
           0.9913710834190269,
           1,
           0.8947525042631207,
           0.6777220263027214,
           -0.010657748434116845,
           0.00819768727833592,
           0.001965896486152939,
           0.008043763343651074,
           0.9641630110675464
          ],
          [
           0.8982517994578145,
           0.8947525042631207,
           1,
           0.7100434508294804,
           -0.006161758246330507,
           0.0034553375848167056,
           -0.007286803574531875,
           0.014643792670940738,
           0.9121551559927163
          ],
          [
           0.6797800878428356,
           0.6777220263027214,
           0.7100434508294804,
           1,
           -0.008322044990436145,
           0.0009664115497906924,
           -0.0025345139343587553,
           0.010654797515539194,
           0.6865254862621066
          ],
          [
           -0.011093603680910915,
           -0.010657748434116845,
           -0.006161758246330507,
           -0.008322044990436145,
           1,
           0.011519140680837727,
           0.010095414107999879,
           -0.0020840638138690383,
           -0.07235669669080197
          ],
          [
           0.006546965532989949,
           0.00819768727833592,
           0.0034553375848167056,
           0.0009664115497906924,
           0.011519140680837727,
           1,
           -0.002793304898096261,
           -0.000667475089536185,
           -0.03795788037112722
          ],
          [
           0.004691553125875587,
           0.001965896486152939,
           -0.007286803574531875,
           -0.0025345139343587553,
           0.010095414107999879,
           -0.002793304898096261,
           1,
           0.018026044917422733,
           -0.028634415740210722
          ],
          [
           0.007752246997137356,
           0.008043763343651074,
           0.014643792670940738,
           0.010654797515539194,
           -0.0020840638138690383,
           -0.000667475089536185,
           0.018026044917422733,
           1,
           -0.07280107356271871
          ],
          [
           0.9736617620463331,
           0.9641630110675464,
           0.9121551559927163,
           0.6865254862621066,
           -0.07235669669080197,
           -0.03795788037112722,
           -0.028634415740210722,
           -0.07280107356271871,
           1
          ]
         ],
         "texttemplate": "%{text:.3f}",
         "type": "heatmap",
         "x": [
          "land_size_sqm",
          "house_size_sqm",
          "no_of_rooms",
          "no_of_bathrooms",
          "distance_to_school",
          "house_age",
          "distance_to_supermarket_km",
          "crime_rate_index",
          "property_value"
         ],
         "y": [
          "land_size_sqm",
          "house_size_sqm",
          "no_of_rooms",
          "no_of_bathrooms",
          "distance_to_school",
          "house_age",
          "distance_to_supermarket_km",
          "crime_rate_index",
          "property_value"
         ],
         "z": [
          [
           1,
           0.9913710834190269,
           0.8982517994578145,
           0.6797800878428356,
           -0.011093603680910915,
           0.006546965532989949,
           0.004691553125875587,
           0.007752246997137356,
           0.9736617620463331
          ],
          [
           0.9913710834190269,
           1,
           0.8947525042631207,
           0.6777220263027214,
           -0.010657748434116845,
           0.00819768727833592,
           0.001965896486152939,
           0.008043763343651074,
           0.9641630110675464
          ],
          [
           0.8982517994578145,
           0.8947525042631207,
           1,
           0.7100434508294804,
           -0.006161758246330507,
           0.0034553375848167056,
           -0.007286803574531875,
           0.014643792670940738,
           0.9121551559927163
          ],
          [
           0.6797800878428356,
           0.6777220263027214,
           0.7100434508294804,
           1,
           -0.008322044990436145,
           0.0009664115497906924,
           -0.0025345139343587553,
           0.010654797515539194,
           0.6865254862621066
          ],
          [
           -0.011093603680910915,
           -0.010657748434116845,
           -0.006161758246330507,
           -0.008322044990436145,
           1,
           0.011519140680837727,
           0.010095414107999879,
           -0.0020840638138690383,
           -0.07235669669080197
          ],
          [
           0.006546965532989949,
           0.00819768727833592,
           0.0034553375848167056,
           0.0009664115497906924,
           0.011519140680837727,
           1,
           -0.002793304898096261,
           -0.000667475089536185,
           -0.03795788037112722
          ],
          [
           0.004691553125875587,
           0.001965896486152939,
           -0.007286803574531875,
           -0.0025345139343587553,
           0.010095414107999879,
           -0.002793304898096261,
           1,
           0.018026044917422733,
           -0.028634415740210722
          ],
          [
           0.007752246997137356,
           0.008043763343651074,
           0.014643792670940738,
           0.010654797515539194,
           -0.0020840638138690383,
           -0.000667475089536185,
           0.018026044917422733,
           1,
           -0.07280107356271871
          ],
          [
           0.9736617620463331,
           0.9641630110675464,
           0.9121551559927163,
           0.6865254862621066,
           -0.07235669669080197,
           -0.03795788037112722,
           -0.028634415740210722,
           -0.07280107356271871,
           1
          ]
         ]
        }
       ],
       "layout": {
        "height": 750,
        "template": {
         "data": {
          "bar": [
           {
            "error_x": {
             "color": "#2a3f5f"
            },
            "error_y": {
             "color": "#2a3f5f"
            },
            "marker": {
             "line": {
              "color": "#E5ECF6",
              "width": 0.5
             },
             "pattern": {
              "fillmode": "overlay",
              "size": 10,
              "solidity": 0.2
             }
            },
            "type": "bar"
           }
          ],
          "barpolar": [
           {
            "marker": {
             "line": {
              "color": "#E5ECF6",
              "width": 0.5
             },
             "pattern": {
              "fillmode": "overlay",
              "size": 10,
              "solidity": 0.2
             }
            },
            "type": "barpolar"
           }
          ],
          "carpet": [
           {
            "aaxis": {
             "endlinecolor": "#2a3f5f",
             "gridcolor": "white",
             "linecolor": "white",
             "minorgridcolor": "white",
             "startlinecolor": "#2a3f5f"
            },
            "baxis": {
             "endlinecolor": "#2a3f5f",
             "gridcolor": "white",
             "linecolor": "white",
             "minorgridcolor": "white",
             "startlinecolor": "#2a3f5f"
            },
            "type": "carpet"
           }
          ],
          "choropleth": [
           {
            "colorbar": {
             "outlinewidth": 0,
             "ticks": ""
            },
            "type": "choropleth"
           }
          ],
          "contour": [
           {
            "colorbar": {
             "outlinewidth": 0,
             "ticks": ""
            },
            "colorscale": [
             [
              0,
              "#0d0887"
             ],
             [
              0.1111111111111111,
              "#46039f"
             ],
             [
              0.2222222222222222,
              "#7201a8"
             ],
             [
              0.3333333333333333,
              "#9c179e"
             ],
             [
              0.4444444444444444,
              "#bd3786"
             ],
             [
              0.5555555555555556,
              "#d8576b"
             ],
             [
              0.6666666666666666,
              "#ed7953"
             ],
             [
              0.7777777777777778,
              "#fb9f3a"
             ],
             [
              0.8888888888888888,
              "#fdca26"
             ],
             [
              1,
              "#f0f921"
             ]
            ],
            "type": "contour"
           }
          ],
          "contourcarpet": [
           {
            "colorbar": {
             "outlinewidth": 0,
             "ticks": ""
            },
            "type": "contourcarpet"
           }
          ],
          "heatmap": [
           {
            "colorbar": {
             "outlinewidth": 0,
             "ticks": ""
            },
            "colorscale": [
             [
              0,
              "#0d0887"
             ],
             [
              0.1111111111111111,
              "#46039f"
             ],
             [
              0.2222222222222222,
              "#7201a8"
             ],
             [
              0.3333333333333333,
              "#9c179e"
             ],
             [
              0.4444444444444444,
              "#bd3786"
             ],
             [
              0.5555555555555556,
              "#d8576b"
             ],
             [
              0.6666666666666666,
              "#ed7953"
             ],
             [
              0.7777777777777778,
              "#fb9f3a"
             ],
             [
              0.8888888888888888,
              "#fdca26"
             ],
             [
              1,
              "#f0f921"
             ]
            ],
            "type": "heatmap"
           }
          ],
          "heatmapgl": [
           {
            "colorbar": {
             "outlinewidth": 0,
             "ticks": ""
            },
            "colorscale": [
             [
              0,
              "#0d0887"
             ],
             [
              0.1111111111111111,
              "#46039f"
             ],
             [
              0.2222222222222222,
              "#7201a8"
             ],
             [
              0.3333333333333333,
              "#9c179e"
             ],
             [
              0.4444444444444444,
              "#bd3786"
             ],
             [
              0.5555555555555556,
              "#d8576b"
             ],
             [
              0.6666666666666666,
              "#ed7953"
             ],
             [
              0.7777777777777778,
              "#fb9f3a"
             ],
             [
              0.8888888888888888,
              "#fdca26"
             ],
             [
              1,
              "#f0f921"
             ]
            ],
            "type": "heatmapgl"
           }
          ],
          "histogram": [
           {
            "marker": {
             "pattern": {
              "fillmode": "overlay",
              "size": 10,
              "solidity": 0.2
             }
            },
            "type": "histogram"
           }
          ],
          "histogram2d": [
           {
            "colorbar": {
             "outlinewidth": 0,
             "ticks": ""
            },
            "colorscale": [
             [
              0,
              "#0d0887"
             ],
             [
              0.1111111111111111,
              "#46039f"
             ],
             [
              0.2222222222222222,
              "#7201a8"
             ],
             [
              0.3333333333333333,
              "#9c179e"
             ],
             [
              0.4444444444444444,
              "#bd3786"
             ],
             [
              0.5555555555555556,
              "#d8576b"
             ],
             [
              0.6666666666666666,
              "#ed7953"
             ],
             [
              0.7777777777777778,
              "#fb9f3a"
             ],
             [
              0.8888888888888888,
              "#fdca26"
             ],
             [
              1,
              "#f0f921"
             ]
            ],
            "type": "histogram2d"
           }
          ],
          "histogram2dcontour": [
           {
            "colorbar": {
             "outlinewidth": 0,
             "ticks": ""
            },
            "colorscale": [
             [
              0,
              "#0d0887"
             ],
             [
              0.1111111111111111,
              "#46039f"
             ],
             [
              0.2222222222222222,
              "#7201a8"
             ],
             [
              0.3333333333333333,
              "#9c179e"
             ],
             [
              0.4444444444444444,
              "#bd3786"
             ],
             [
              0.5555555555555556,
              "#d8576b"
             ],
             [
              0.6666666666666666,
              "#ed7953"
             ],
             [
              0.7777777777777778,
              "#fb9f3a"
             ],
             [
              0.8888888888888888,
              "#fdca26"
             ],
             [
              1,
              "#f0f921"
             ]
            ],
            "type": "histogram2dcontour"
           }
          ],
          "mesh3d": [
           {
            "colorbar": {
             "outlinewidth": 0,
             "ticks": ""
            },
            "type": "mesh3d"
           }
          ],
          "parcoords": [
           {
            "line": {
             "colorbar": {
              "outlinewidth": 0,
              "ticks": ""
             }
            },
            "type": "parcoords"
           }
          ],
          "pie": [
           {
            "automargin": true,
            "type": "pie"
           }
          ],
          "scatter": [
           {
            "fillpattern": {
             "fillmode": "overlay",
             "size": 10,
             "solidity": 0.2
            },
            "type": "scatter"
           }
          ],
          "scatter3d": [
           {
            "line": {
             "colorbar": {
              "outlinewidth": 0,
              "ticks": ""
             }
            },
            "marker": {
             "colorbar": {
              "outlinewidth": 0,
              "ticks": ""
             }
            },
            "type": "scatter3d"
           }
          ],
          "scattercarpet": [
           {
            "marker": {
             "colorbar": {
              "outlinewidth": 0,
              "ticks": ""
             }
            },
            "type": "scattercarpet"
           }
          ],
          "scattergeo": [
           {
            "marker": {
             "colorbar": {
              "outlinewidth": 0,
              "ticks": ""
             }
            },
            "type": "scattergeo"
           }
          ],
          "scattergl": [
           {
            "marker": {
             "colorbar": {
              "outlinewidth": 0,
              "ticks": ""
             }
            },
            "type": "scattergl"
           }
          ],
          "scattermapbox": [
           {
            "marker": {
             "colorbar": {
              "outlinewidth": 0,
              "ticks": ""
             }
            },
            "type": "scattermapbox"
           }
          ],
          "scatterpolar": [
           {
            "marker": {
             "colorbar": {
              "outlinewidth": 0,
              "ticks": ""
             }
            },
            "type": "scatterpolar"
           }
          ],
          "scatterpolargl": [
           {
            "marker": {
             "colorbar": {
              "outlinewidth": 0,
              "ticks": ""
             }
            },
            "type": "scatterpolargl"
           }
          ],
          "scatterternary": [
           {
            "marker": {
             "colorbar": {
              "outlinewidth": 0,
              "ticks": ""
             }
            },
            "type": "scatterternary"
           }
          ],
          "surface": [
           {
            "colorbar": {
             "outlinewidth": 0,
             "ticks": ""
            },
            "colorscale": [
             [
              0,
              "#0d0887"
             ],
             [
              0.1111111111111111,
              "#46039f"
             ],
             [
              0.2222222222222222,
              "#7201a8"
             ],
             [
              0.3333333333333333,
              "#9c179e"
             ],
             [
              0.4444444444444444,
              "#bd3786"
             ],
             [
              0.5555555555555556,
              "#d8576b"
             ],
             [
              0.6666666666666666,
              "#ed7953"
             ],
             [
              0.7777777777777778,
              "#fb9f3a"
             ],
             [
              0.8888888888888888,
              "#fdca26"
             ],
             [
              1,
              "#f0f921"
             ]
            ],
            "type": "surface"
           }
          ],
          "table": [
           {
            "cells": {
             "fill": {
              "color": "#EBF0F8"
             },
             "line": {
              "color": "white"
             }
            },
            "header": {
             "fill": {
              "color": "#C8D4E3"
             },
             "line": {
              "color": "white"
             }
            },
            "type": "table"
           }
          ]
         },
         "layout": {
          "annotationdefaults": {
           "arrowcolor": "#2a3f5f",
           "arrowhead": 0,
           "arrowwidth": 1
          },
          "autotypenumbers": "strict",
          "coloraxis": {
           "colorbar": {
            "outlinewidth": 0,
            "ticks": ""
           }
          },
          "colorscale": {
           "diverging": [
            [
             0,
             "#8e0152"
            ],
            [
             0.1,
             "#c51b7d"
            ],
            [
             0.2,
             "#de77ae"
            ],
            [
             0.3,
             "#f1b6da"
            ],
            [
             0.4,
             "#fde0ef"
            ],
            [
             0.5,
             "#f7f7f7"
            ],
            [
             0.6,
             "#e6f5d0"
            ],
            [
             0.7,
             "#b8e186"
            ],
            [
             0.8,
             "#7fbc41"
            ],
            [
             0.9,
             "#4d9221"
            ],
            [
             1,
             "#276419"
            ]
           ],
           "sequential": [
            [
             0,
             "#0d0887"
            ],
            [
             0.1111111111111111,
             "#46039f"
            ],
            [
             0.2222222222222222,
             "#7201a8"
            ],
            [
             0.3333333333333333,
             "#9c179e"
            ],
            [
             0.4444444444444444,
             "#bd3786"
            ],
            [
             0.5555555555555556,
             "#d8576b"
            ],
            [
             0.6666666666666666,
             "#ed7953"
            ],
            [
             0.7777777777777778,
             "#fb9f3a"
            ],
            [
             0.8888888888888888,
             "#fdca26"
            ],
            [
             1,
             "#f0f921"
            ]
           ],
           "sequentialminus": [
            [
             0,
             "#0d0887"
            ],
            [
             0.1111111111111111,
             "#46039f"
            ],
            [
             0.2222222222222222,
             "#7201a8"
            ],
